2019_01_14_1

2019_01_14_2   (35,63) (50,514) (615,18) (636,517)
 
2019_01_14_3 100~150/ 151~200  (23,47)(40,499)(607,3)(625,203) / (132,10)(83,488)(149,539)(708,39)

2019_01_15_1 201~260 / 361~400  (143,46)(133,482)(711,529)(720,22)/(147,49)(137,487)(716,531)(723,24)

2019_01_16_1 261~360 (148,46)(133,483)(711,535)(724,26)

2019_01_17_1 401~454 / 555~600 (58,54)(50,505)(646,536)(641,35)/(87,36)(82,482)(664,517)(671,14)

2019_01_17_2 455 ~ 554 (52,48)(45,498)(631,529)(634,28)

2019_01_18_1 601~700 (89,35)(83,481)(666,517)(672,14)

2019_01_18_2 701~800 (87,53)(80,481)(663,519)(671,15)

2019_01_25_1 801~900 (89,52)(100,496)(682,511)(671,8)



(left top)(left bottom)(right bottom)(right top)
